solid J2
 facet normal -0.893565 -0.043898 -0.446782
  outer loop
   vertex 0.000000 0.000000 -400.000000
   vertex 1044.943963 102.917997 -2500.000000
   vertex 1050.000000 0.000000 -2500.000000
  endloop
 endfacet
 facet normal -0.884959 -0.131271 -0.446782
  outer loop
   vertex 0.000000 0.000000 -400.000000
   vertex 1029.824544 204.844838 -2500.000000
   vertex 1044.943963 102.917997 -2500.000000
  endloop
 endfacet
 facet normal -0.867831 -0.217380 -0.446782
  outer loop
   vertex 0.000000 0.000000 -400.000000
   vertex 1004.787353 304.798911 -2500.000000
   vertex 1029.824544 204.844838 -2500.000000
  endloop
 endfacet
 facet normal -0.842345 -0.301396 -0.446782
  outer loop
   vertex 0.000000 0.000000 -400.000000
   vertex 970.073509 401.817604 -2500.000000
   vertex 1004.787353 304.798911 -2500.000000
  endloop
 endfacet
 facet normal -0.808747 -0.382509 -0.446782
  outer loop
   vertex 0.000000 0.000000 -400.000000
   vertex 926.017328 494.966574 -2500.000000
   vertex 970.073509 401.817604 -2500.000000
  endloop
 endfacet
 facet normal -0.767361 -0.459938 -0.446782
  outer loop
   vertex 0.000000 0.000000 -400.000000
   vertex 873.043093 583.348745 -2500.000000
   vertex 926.017328 494.966574 -2500.000000
  endloop
 endfacet
 facet normal -0.718584 -0.532938 -0.446782
  outer loop
   vertex 0.000000 0.000000 -400.000000
   vertex 811.660976 666.112948 -2500.000000
   vertex 873.043093 583.348745 -2500.000000
  endloop
 endfacet
 facet normal -0.662886 -0.600805 -0.446782
  outer loop
   vertex 0.000000 0.000000 -400.000000
   vertex 742.462120 742.462120 -2500.000000
   vertex 811.660976 666.112948 -2500.000000
  endloop
 endfacet
 facet normal -0.600805 -0.662886 -0.446782
  outer loop
   vertex 0.000000 0.000000 -400.000000
   vertex 666.112948 811.660976 -2500.000000
   vertex 742.462120 742.462120 -2500.000000
  endloop
 endfacet
 facet normal -0.532938 -0.718584 -0.446782
  outer loop
   vertex 0.000000 0.000000 -400.000000
   vertex 583.348745 873.043093 -2500.000000
   vertex 666.112948 811.660976 -2500.000000
  endloop
 endfacet
 facet normal -0.459938 -0.767361 -0.446782
  outer loop
   vertex 0.000000 0.000000 -400.000000
   vertex 494.966574 926.017328 -2500.000000
   vertex 583.348745 873.043093 -2500.000000
  endloop
 endfacet
 facet normal -0.382509 -0.808747 -0.446782
  outer loop
   vertex 0.000000 0.000000 -400.000000
   vertex 401.817604 970.073509 -2500.000000
   vertex 494.966574 926.017328 -2500.000000
  endloop
 endfacet
 facet normal -0.301396 -0.842345 -0.446782
  outer loop
   vertex 0.000000 0.000000 -400.000000
   vertex 304.798911 1004.787353 -2500.000000
   vertex 401.817604 970.073509 -2500.000000
  endloop
 endfacet
 facet normal -0.217380 -0.867831 -0.446782
  outer loop
   vertex 0.000000 0.000000 -400.000000
   vertex 204.844838 1029.824544 -2500.000000
   vertex 304.798911 1004.787353 -2500.000000
  endloop
 endfacet
 facet normal -0.131271 -0.884959 -0.446782
  outer loop
   vertex 0.000000 0.000000 -400.000000
   vertex 102.917997 1044.943963 -2500.000000
   vertex 204.844838 1029.824544 -2500.000000
  endloop
 endfacet
 facet normal -0.043898 -0.893565 -0.446782
  outer loop
   vertex 0.000000 0.000000 -400.000000
   vertex 0.000000 1050.000000 -2500.000000
   vertex 102.917997 1044.943963 -2500.000000
  endloop
 endfacet
 facet normal 0.043898 -0.893565 -0.446782
  outer loop
   vertex 0.000000 0.000000 -400.000000
   vertex -102.917997 1044.943963 -2500.000000
   vertex 0.000000 1050.000000 -2500.000000
  endloop
 endfacet
 facet normal 0.131271 -0.884959 -0.446782
  outer loop
   vertex 0.000000 0.000000 -400.000000
   vertex -204.844838 1029.824544 -2500.000000
   vertex -102.917997 1044.943963 -2500.000000
  endloop
 endfacet
 facet normal 0.217380 -0.867831 -0.446782
  outer loop
   vertex 0.000000 0.000000 -400.000000
   vertex -304.798911 1004.787353 -2500.000000
   vertex -204.844838 1029.824544 -2500.000000
  endloop
 endfacet
 facet normal 0.301396 -0.842345 -0.446782
  outer loop
   vertex 0.000000 0.000000 -400.000000
   vertex -401.817604 970.073509 -2500.000000
   vertex -304.798911 1004.787353 -2500.000000
  endloop
 endfacet
 facet normal 0.382509 -0.808747 -0.446782
  outer loop
   vertex 0.000000 0.000000 -400.000000
   vertex -494.966574 926.017328 -2500.000000
   vertex -401.817604 970.073509 -2500.000000
  endloop
 endfacet
 facet normal 0.459938 -0.767361 -0.446782
  outer loop
   vertex 0.000000 0.000000 -400.000000
   vertex -583.348745 873.043093 -2500.000000
   vertex -494.966574 926.017328 -2500.000000
  endloop
 endfacet
 facet normal 0.532938 -0.718584 -0.446782
  outer loop
   vertex 0.000000 0.000000 -400.000000
   vertex -666.112948 811.660976 -2500.000000
   vertex -583.348745 873.043093 -2500.000000
  endloop
 endfacet
 facet normal 0.600805 -0.662886 -0.446782
  outer loop
   vertex 0.000000 0.000000 -400.000000
   vertex -742.462120 742.462120 -2500.000000
   vertex -666.112948 811.660976 -2500.000000
  endloop
 endfacet
 facet normal 0.662886 -0.600805 -0.446782
  outer loop
   vertex 0.000000 0.000000 -400.000000
   vertex -811.660976 666.112948 -2500.000000
   vertex -742.462120 742.462120 -2500.000000
  endloop
 endfacet
 facet normal 0.718584 -0.532938 -0.446782
  outer loop
   vertex 0.000000 0.000000 -400.000000
   vertex -873.043093 583.348745 -2500.000000
   vertex -811.660976 666.112948 -2500.000000
  endloop
 endfacet
 facet normal 0.767361 -0.459938 -0.446782
  outer loop
   vertex 0.000000 0.000000 -400.000000
   vertex -926.017328 494.966574 -2500.000000
   vertex -873.043093 583.348745 -2500.000000
  endloop
 endfacet
 facet normal 0.808747 -0.382509 -0.446782
  outer loop
   vertex 0.000000 0.000000 -400.000000
   vertex -970.073509 401.817604 -2500.000000
   vertex -926.017328 494.966574 -2500.000000
  endloop
 endfacet
 facet normal 0.842345 -0.301396 -0.446782
  outer loop
   vertex 0.000000 0.000000 -400.000000
   vertex -1004.787353 304.798911 -2500.000000
   vertex -970.073509 401.817604 -2500.000000
  endloop
 endfacet
 facet normal 0.867831 -0.217380 -0.446782
  outer loop
   vertex 0.000000 0.000000 -400.000000
   vertex -1029.824544 204.844838 -2500.000000
   vertex -1004.787353 304.798911 -2500.000000
  endloop
 endfacet
 facet normal 0.884959 -0.131271 -0.446782
  outer loop
   vertex 0.000000 0.000000 -400.000000
   vertex -1044.943963 102.917997 -2500.000000
   vertex -1029.824544 204.844838 -2500.000000
  endloop
 endfacet
 facet normal 0.893565 -0.043898 -0.446782
  outer loop
   vertex 0.000000 0.000000 -400.000000
   vertex -1050.000000 0.000000 -2500.000000
   vertex -1044.943963 102.917997 -2500.000000
  endloop
 endfacet
 facet normal 0.893565 0.043898 -0.446782
  outer loop
   vertex 0.000000 0.000000 -400.000000
   vertex -1044.943963 -102.917997 -2500.000000
   vertex -1050.000000 0.000000 -2500.000000
  endloop
 endfacet
 facet normal 0.884959 0.131271 -0.446782
  outer loop
   vertex 0.000000 0.000000 -400.000000
   vertex -1029.824544 -204.844838 -2500.000000
   vertex -1044.943963 -102.917997 -2500.000000
  endloop
 endfacet
 facet normal 0.867831 0.217380 -0.446782
  outer loop
   vertex 0.000000 0.000000 -400.000000
   vertex -1004.787353 -304.798911 -2500.000000
   vertex -1029.824544 -204.844838 -2500.000000
  endloop
 endfacet
 facet normal 0.842345 0.301396 -0.446782
  outer loop
   vertex 0.000000 0.000000 -400.000000
   vertex -970.073509 -401.817604 -2500.000000
   vertex -1004.787353 -304.798911 -2500.000000
  endloop
 endfacet
 facet normal 0.808747 0.382509 -0.446782
  outer loop
   vertex 0.000000 0.000000 -400.000000
   vertex -926.017328 -494.966574 -2500.000000
   vertex -970.073509 -401.817604 -2500.000000
  endloop
 endfacet
 facet normal 0.767361 0.459938 -0.446782
  outer loop
   vertex 0.000000 0.000000 -400.000000
   vertex -873.043093 -583.348745 -2500.000000
   vertex -926.017328 -494.966574 -2500.000000
  endloop
 endfacet
 facet normal 0.718584 0.532938 -0.446782
  outer loop
   vertex 0.000000 0.000000 -400.000000
   vertex -811.660976 -666.112948 -2500.000000
   vertex -873.043093 -583.348745 -2500.000000
  endloop
 endfacet
 facet normal 0.662886 0.600805 -0.446782
  outer loop
   vertex 0.000000 0.000000 -400.000000
   vertex -742.462120 -742.462120 -2500.000000
   vertex -811.660976 -666.112948 -2500.000000
  endloop
 endfacet
 facet normal 0.600805 0.662886 -0.446782
  outer loop
   vertex 0.000000 0.000000 -400.000000
   vertex -666.112948 -811.660976 -2500.000000
   vertex -742.462120 -742.462120 -2500.000000
  endloop
 endfacet
 facet normal 0.532938 0.718584 -0.446782
  outer loop
   vertex 0.000000 0.000000 -400.000000
   vertex -583.348745 -873.043093 -2500.000000
   vertex -666.112948 -811.660976 -2500.000000
  endloop
 endfacet
 facet normal 0.459938 0.767361 -0.446782
  outer loop
   vertex 0.000000 0.000000 -400.000000
   vertex -494.966574 -926.017328 -2500.000000
   vertex -583.348745 -873.043093 -2500.000000
  endloop
 endfacet
 facet normal 0.382509 0.808747 -0.446782
  outer loop
   vertex 0.000000 0.000000 -400.000000
   vertex -401.817604 -970.073509 -2500.000000
   vertex -494.966574 -926.017328 -2500.000000
  endloop
 endfacet
 facet normal 0.301396 0.842345 -0.446782
  outer loop
   vertex 0.000000 0.000000 -400.000000
   vertex -304.798911 -1004.787353 -2500.000000
   vertex -401.817604 -970.073509 -2500.000000
  endloop
 endfacet
 facet normal 0.217380 0.867831 -0.446782
  outer loop
   vertex 0.000000 0.000000 -400.000000
   vertex -204.844838 -1029.824544 -2500.000000
   vertex -304.798911 -1004.787353 -2500.000000
  endloop
 endfacet
 facet normal 0.131271 0.884959 -0.446782
  outer loop
   vertex 0.000000 0.000000 -400.000000
   vertex -102.917997 -1044.943963 -2500.000000
   vertex -204.844838 -1029.824544 -2500.000000
  endloop
 endfacet
 facet normal 0.043898 0.893565 -0.446782
  outer loop
   vertex 0.000000 0.000000 -400.000000
   vertex -0.000000 -1050.000000 -2500.000000
   vertex -102.917997 -1044.943963 -2500.000000
  endloop
 endfacet
 facet normal -0.043898 0.893565 -0.446782
  outer loop
   vertex 0.000000 0.000000 -400.000000
   vertex 102.917997 -1044.943963 -2500.000000
   vertex -0.000000 -1050.000000 -2500.000000
  endloop
 endfacet
 facet normal -0.131271 0.884959 -0.446782
  outer loop
   vertex 0.000000 0.000000 -400.000000
   vertex 204.844838 -1029.824544 -2500.000000
   vertex 102.917997 -1044.943963 -2500.000000
  endloop
 endfacet
 facet normal -0.217380 0.867831 -0.446782
  outer loop
   vertex 0.000000 0.000000 -400.000000
   vertex 304.798911 -1004.787353 -2500.000000
   vertex 204.844838 -1029.824544 -2500.000000
  endloop
 endfacet
 facet normal -0.301396 0.842345 -0.446782
  outer loop
   vertex 0.000000 0.000000 -400.000000
   vertex 401.817604 -970.073509 -2500.000000
   vertex 304.798911 -1004.787353 -2500.000000
  endloop
 endfacet
 facet normal -0.382509 0.808747 -0.446782
  outer loop
   vertex 0.000000 0.000000 -400.000000
   vertex 494.966574 -926.017328 -2500.000000
   vertex 401.817604 -970.073509 -2500.000000
  endloop
 endfacet
 facet normal -0.459938 0.767361 -0.446782
  outer loop
   vertex 0.000000 0.000000 -400.000000
   vertex 583.348745 -873.043093 -2500.000000
   vertex 494.966574 -926.017328 -2500.000000
  endloop
 endfacet
 facet normal -0.532938 0.718584 -0.446782
  outer loop
   vertex 0.000000 0.000000 -400.000000
   vertex 666.112948 -811.660976 -2500.000000
   vertex 583.348745 -873.043093 -2500.000000
  endloop
 endfacet
 facet normal -0.600805 0.662886 -0.446782
  outer loop
   vertex 0.000000 0.000000 -400.000000
   vertex 742.462120 -742.462120 -2500.000000
   vertex 666.112948 -811.660976 -2500.000000
  endloop
 endfacet
 facet normal -0.662886 0.600805 -0.446782
  outer loop
   vertex 0.000000 0.000000 -400.000000
   vertex 811.660976 -666.112948 -2500.000000
   vertex 742.462120 -742.462120 -2500.000000
  endloop
 endfacet
 facet normal -0.718584 0.532938 -0.446782
  outer loop
   vertex 0.000000 0.000000 -400.000000
   vertex 873.043093 -583.348745 -2500.000000
   vertex 811.660976 -666.112948 -2500.000000
  endloop
 endfacet
 facet normal -0.767361 0.459938 -0.446782
  outer loop
   vertex 0.000000 0.000000 -400.000000
   vertex 926.017328 -494.966574 -2500.000000
   vertex 873.043093 -583.348745 -2500.000000
  endloop
 endfacet
 facet normal -0.808747 0.382509 -0.446782
  outer loop
   vertex 0.000000 0.000000 -400.000000
   vertex 970.073509 -401.817604 -2500.000000
   vertex 926.017328 -494.966574 -2500.000000
  endloop
 endfacet
 facet normal -0.842345 0.301396 -0.446782
  outer loop
   vertex 0.000000 0.000000 -400.000000
   vertex 1004.787353 -304.798911 -2500.000000
   vertex 970.073509 -401.817604 -2500.000000
  endloop
 endfacet
 facet normal -0.867831 0.217380 -0.446782
  outer loop
   vertex 0.000000 0.000000 -400.000000
   vertex 1029.824544 -204.844838 -2500.000000
   vertex 1004.787353 -304.798911 -2500.000000
  endloop
 endfacet
 facet normal -0.884959 0.131271 -0.446782
  outer loop
   vertex 0.000000 0.000000 -400.000000
   vertex 1044.943963 -102.917997 -2500.000000
   vertex 1029.824544 -204.844838 -2500.000000
  endloop
 endfacet
 facet normal -0.893565 0.043898 -0.446782
  outer loop
   vertex 0.000000 0.000000 -400.000000
   vertex 1050.000000 0.000000 -2500.000000
   vertex 1044.943963 -102.917997 -2500.000000
  endloop
 endfacet
endsolid J2
