solid F1
 facet normal -0.856893 -0.037413 -0.514136
  outer loop
   vertex 0.000000 0.000000 -800.000000
   vertex 1793.150457 156.880337 -3800.000000
   vertex 1800.000000 0.000000 -3800.000000
  endloop
 endfacet
 facet normal -0.850371 -0.111953 -0.514136
  outer loop
   vertex 0.000000 0.000000 -800.000000
   vertex 1772.653955 312.566720 -3800.000000
   vertex 1793.150457 156.880337 -3800.000000
  endloop
 endfacet
 facet normal -0.837378 -0.185642 -0.514136
  outer loop
   vertex 0.000000 0.000000 -800.000000
   vertex 1738.666487 465.874281 -3800.000000
   vertex 1772.653955 312.566720 -3800.000000
  endloop
 endfacet
 facet normal -0.818012 -0.257918 -0.514136
  outer loop
   vertex 0.000000 0.000000 -800.000000
   vertex 1691.446717 615.636258 -3800.000000
   vertex 1738.666487 465.874281 -3800.000000
  endloop
 endfacet
 facet normal -0.792420 -0.328231 -0.514136
  outer loop
   vertex 0.000000 0.000000 -800.000000
   vertex 1631.354017 760.712871 -3800.000000
   vertex 1691.446717 615.636258 -3800.000000
  endloop
 endfacet
 facet normal -0.760797 -0.396046 -0.514136
  outer loop
   vertex 0.000000 0.000000 -800.000000
   vertex 1558.845727 900.000000 -3800.000000
   vertex 1631.354017 760.712871 -3800.000000
  endloop
 endfacet
 facet normal -0.723384 -0.460847 -0.514136
  outer loop
   vertex 0.000000 0.000000 -800.000000
   vertex 1474.473680 1032.437585 -3800.000000
   vertex 1558.845727 900.000000 -3800.000000
  endloop
 endfacet
 facet normal -0.680466 -0.522140 -0.514136
  outer loop
   vertex 0.000000 0.000000 -800.000000
   vertex 1378.879998 1157.017697 -3800.000000
   vertex 1474.473680 1032.437585 -3800.000000
  endloop
 endfacet
 facet normal -0.632369 -0.579460 -0.514136
  outer loop
   vertex 0.000000 0.000000 -800.000000
   vertex 1272.792206 1272.792206 -3800.000000
   vertex 1378.879998 1157.017697 -3800.000000
  endloop
 endfacet
 facet normal -0.579460 -0.632369 -0.514136
  outer loop
   vertex 0.000000 0.000000 -800.000000
   vertex 1157.017697 1378.879998 -3800.000000
   vertex 1272.792206 1272.792206 -3800.000000
  endloop
 endfacet
 facet normal -0.522140 -0.680466 -0.514136
  outer loop
   vertex 0.000000 0.000000 -800.000000
   vertex 1032.437585 1474.473680 -3800.000000
   vertex 1157.017697 1378.879998 -3800.000000
  endloop
 endfacet
 facet normal -0.460847 -0.723384 -0.514136
  outer loop
   vertex 0.000000 0.000000 -800.000000
   vertex 900.000000 1558.845727 -3800.000000
   vertex 1032.437585 1474.473680 -3800.000000
  endloop
 endfacet
 facet normal -0.396046 -0.760797 -0.514136
  outer loop
   vertex 0.000000 0.000000 -800.000000
   vertex 760.712871 1631.354017 -3800.000000
   vertex 900.000000 1558.845727 -3800.000000
  endloop
 endfacet
 facet normal -0.328231 -0.792420 -0.514136
  outer loop
   vertex 0.000000 0.000000 -800.000000
   vertex 615.636258 1691.446717 -3800.000000
   vertex 760.712871 1631.354017 -3800.000000
  endloop
 endfacet
 facet normal -0.257918 -0.818012 -0.514136
  outer loop
   vertex 0.000000 0.000000 -800.000000
   vertex 465.874281 1738.666487 -3800.000000
   vertex 615.636258 1691.446717 -3800.000000
  endloop
 endfacet
 facet normal -0.185642 -0.837378 -0.514136
  outer loop
   vertex 0.000000 0.000000 -800.000000
   vertex 312.566720 1772.653955 -3800.000000
   vertex 465.874281 1738.666487 -3800.000000
  endloop
 endfacet
 facet normal -0.111953 -0.850371 -0.514136
  outer loop
   vertex 0.000000 0.000000 -800.000000
   vertex 156.880337 1793.150457 -3800.000000
   vertex 312.566720 1772.653955 -3800.000000
  endloop
 endfacet
 facet normal -0.037413 -0.856893 -0.514136
  outer loop
   vertex 0.000000 0.000000 -800.000000
   vertex 0.000000 1800.000000 -3800.000000
   vertex 156.880337 1793.150457 -3800.000000
  endloop
 endfacet
 facet normal 0.037413 -0.856893 -0.514136
  outer loop
   vertex 0.000000 0.000000 -800.000000
   vertex -156.880337 1793.150457 -3800.000000
   vertex 0.000000 1800.000000 -3800.000000
  endloop
 endfacet
 facet normal 0.111953 -0.850371 -0.514136
  outer loop
   vertex 0.000000 0.000000 -800.000000
   vertex -312.566720 1772.653955 -3800.000000
   vertex -156.880337 1793.150457 -3800.000000
  endloop
 endfacet
 facet normal 0.185642 -0.837378 -0.514136
  outer loop
   vertex 0.000000 0.000000 -800.000000
   vertex -465.874281 1738.666487 -3800.000000
   vertex -312.566720 1772.653955 -3800.000000
  endloop
 endfacet
 facet normal 0.257918 -0.818012 -0.514136
  outer loop
   vertex 0.000000 0.000000 -800.000000
   vertex -615.636258 1691.446717 -3800.000000
   vertex -465.874281 1738.666487 -3800.000000
  endloop
 endfacet
 facet normal 0.328231 -0.792420 -0.514136
  outer loop
   vertex 0.000000 0.000000 -800.000000
   vertex -760.712871 1631.354017 -3800.000000
   vertex -615.636258 1691.446717 -3800.000000
  endloop
 endfacet
 facet normal 0.396046 -0.760797 -0.514136
  outer loop
   vertex 0.000000 0.000000 -800.000000
   vertex -900.000000 1558.845727 -3800.000000
   vertex -760.712871 1631.354017 -3800.000000
  endloop
 endfacet
 facet normal 0.460847 -0.723384 -0.514136
  outer loop
   vertex 0.000000 0.000000 -800.000000
   vertex -1032.437585 1474.473680 -3800.000000
   vertex -900.000000 1558.845727 -3800.000000
  endloop
 endfacet
 facet normal 0.522140 -0.680466 -0.514136
  outer loop
   vertex 0.000000 0.000000 -800.000000
   vertex -1157.017697 1378.879998 -3800.000000
   vertex -1032.437585 1474.473680 -3800.000000
  endloop
 endfacet
 facet normal 0.579460 -0.632369 -0.514136
  outer loop
   vertex 0.000000 0.000000 -800.000000
   vertex -1272.792206 1272.792206 -3800.000000
   vertex -1157.017697 1378.879998 -3800.000000
  endloop
 endfacet
 facet normal 0.632369 -0.579460 -0.514136
  outer loop
   vertex 0.000000 0.000000 -800.000000
   vertex -1378.879998 1157.017697 -3800.000000
   vertex -1272.792206 1272.792206 -3800.000000
  endloop
 endfacet
 facet normal 0.680466 -0.522140 -0.514136
  outer loop
   vertex 0.000000 0.000000 -800.000000
   vertex -1474.473680 1032.437585 -3800.000000
   vertex -1378.879998 1157.017697 -3800.000000
  endloop
 endfacet
 facet normal 0.723384 -0.460847 -0.514136
  outer loop
   vertex 0.000000 0.000000 -800.000000
   vertex -1558.845727 900.000000 -3800.000000
   vertex -1474.473680 1032.437585 -3800.000000
  endloop
 endfacet
 facet normal 0.760797 -0.396046 -0.514136
  outer loop
   vertex 0.000000 0.000000 -800.000000
   vertex -1631.354017 760.712871 -3800.000000
   vertex -1558.845727 900.000000 -3800.000000
  endloop
 endfacet
 facet normal 0.792420 -0.328231 -0.514136
  outer loop
   vertex 0.000000 0.000000 -800.000000
   vertex -1691.446717 615.636258 -3800.000000
   vertex -1631.354017 760.712871 -3800.000000
  endloop
 endfacet
 facet normal 0.818012 -0.257918 -0.514136
  outer loop
   vertex 0.000000 0.000000 -800.000000
   vertex -1738.666487 465.874281 -3800.000000
   vertex -1691.446717 615.636258 -3800.000000
  endloop
 endfacet
 facet normal 0.837378 -0.185642 -0.514136
  outer loop
   vertex 0.000000 0.000000 -800.000000
   vertex -1772.653955 312.566720 -3800.000000
   vertex -1738.666487 465.874281 -3800.000000
  endloop
 endfacet
 facet normal 0.850371 -0.111953 -0.514136
  outer loop
   vertex 0.000000 0.000000 -800.000000
   vertex -1793.150457 156.880337 -3800.000000
   vertex -1772.653955 312.566720 -3800.000000
  endloop
 endfacet
 facet normal 0.856893 -0.037413 -0.514136
  outer loop
   vertex 0.000000 0.000000 -800.000000
   vertex -1800.000000 0.000000 -3800.000000
   vertex -1793.150457 156.880337 -3800.000000
  endloop
 endfacet
 facet normal 0.856893 0.037413 -0.514136
  outer loop
   vertex 0.000000 0.000000 -800.000000
   vertex -1793.150457 -156.880337 -3800.000000
   vertex -1800.000000 0.000000 -3800.000000
  endloop
 endfacet
 facet normal 0.850371 0.111953 -0.514136
  outer loop
   vertex 0.000000 0.000000 -800.000000
   vertex -1772.653955 -312.566720 -3800.000000
   vertex -1793.150457 -156.880337 -3800.000000
  endloop
 endfacet
 facet normal 0.837378 0.185642 -0.514136
  outer loop
   vertex 0.000000 0.000000 -800.000000
   vertex -1738.666487 -465.874281 -3800.000000
   vertex -1772.653955 -312.566720 -3800.000000
  endloop
 endfacet
 facet normal 0.818012 0.257918 -0.514136
  outer loop
   vertex 0.000000 0.000000 -800.000000
   vertex -1691.446717 -615.636258 -3800.000000
   vertex -1738.666487 -465.874281 -3800.000000
  endloop
 endfacet
 facet normal 0.792420 0.328231 -0.514136
  outer loop
   vertex 0.000000 0.000000 -800.000000
   vertex -1631.354017 -760.712871 -3800.000000
   vertex -1691.446717 -615.636258 -3800.000000
  endloop
 endfacet
 facet normal 0.760797 0.396046 -0.514136
  outer loop
   vertex 0.000000 0.000000 -800.000000
   vertex -1558.845727 -900.000000 -3800.000000
   vertex -1631.354017 -760.712871 -3800.000000
  endloop
 endfacet
 facet normal 0.723384 0.460847 -0.514136
  outer loop
   vertex 0.000000 0.000000 -800.000000
   vertex -1474.473680 -1032.437585 -3800.000000
   vertex -1558.845727 -900.000000 -3800.000000
  endloop
 endfacet
 facet normal 0.680466 0.522140 -0.514136
  outer loop
   vertex 0.000000 0.000000 -800.000000
   vertex -1378.879998 -1157.017697 -3800.000000
   vertex -1474.473680 -1032.437585 -3800.000000
  endloop
 endfacet
 facet normal 0.632369 0.579460 -0.514136
  outer loop
   vertex 0.000000 0.000000 -800.000000
   vertex -1272.792206 -1272.792206 -3800.000000
   vertex -1378.879998 -1157.017697 -3800.000000
  endloop
 endfacet
 facet normal 0.579460 0.632369 -0.514136
  outer loop
   vertex 0.000000 0.000000 -800.000000
   vertex -1157.017697 -1378.879998 -3800.000000
   vertex -1272.792206 -1272.792206 -3800.000000
  endloop
 endfacet
 facet normal 0.522140 0.680466 -0.514136
  outer loop
   vertex 0.000000 0.000000 -800.000000
   vertex -1032.437585 -1474.473680 -3800.000000
   vertex -1157.017697 -1378.879998 -3800.000000
  endloop
 endfacet
 facet normal 0.460847 0.723384 -0.514136
  outer loop
   vertex 0.000000 0.000000 -800.000000
   vertex -900.000000 -1558.845727 -3800.000000
   vertex -1032.437585 -1474.473680 -3800.000000
  endloop
 endfacet
 facet normal 0.396046 0.760797 -0.514136
  outer loop
   vertex 0.000000 0.000000 -800.000000
   vertex -760.712871 -1631.354017 -3800.000000
   vertex -900.000000 -1558.845727 -3800.000000
  endloop
 endfacet
 facet normal 0.328231 0.792420 -0.514136
  outer loop
   vertex 0.000000 0.000000 -800.000000
   vertex -615.636258 -1691.446717 -3800.000000
   vertex -760.712871 -1631.354017 -3800.000000
  endloop
 endfacet
 facet normal 0.257918 0.818012 -0.514136
  outer loop
   vertex 0.000000 0.000000 -800.000000
   vertex -465.874281 -1738.666487 -3800.000000
   vertex -615.636258 -1691.446717 -3800.000000
  endloop
 endfacet
 facet normal 0.185642 0.837378 -0.514136
  outer loop
   vertex 0.000000 0.000000 -800.000000
   vertex -312.566720 -1772.653955 -3800.000000
   vertex -465.874281 -1738.666487 -3800.000000
  endloop
 endfacet
 facet normal 0.111953 0.850371 -0.514136
  outer loop
   vertex 0.000000 0.000000 -800.000000
   vertex -156.880337 -1793.150457 -3800.000000
   vertex -312.566720 -1772.653955 -3800.000000
  endloop
 endfacet
 facet normal 0.037413 0.856893 -0.514136
  outer loop
   vertex 0.000000 0.000000 -800.000000
   vertex -0.000000 -1800.000000 -3800.000000
   vertex -156.880337 -1793.150457 -3800.000000
  endloop
 endfacet
 facet normal -0.037413 0.856893 -0.514136
  outer loop
   vertex 0.000000 0.000000 -800.000000
   vertex 156.880337 -1793.150457 -3800.000000
   vertex -0.000000 -1800.000000 -3800.000000
  endloop
 endfacet
 facet normal -0.111953 0.850371 -0.514136
  outer loop
   vertex 0.000000 0.000000 -800.000000
   vertex 312.566720 -1772.653955 -3800.000000
   vertex 156.880337 -1793.150457 -3800.000000
  endloop
 endfacet
 facet normal -0.185642 0.837378 -0.514136
  outer loop
   vertex 0.000000 0.000000 -800.000000
   vertex 465.874281 -1738.666487 -3800.000000
   vertex 312.566720 -1772.653955 -3800.000000
  endloop
 endfacet
 facet normal -0.257918 0.818012 -0.514136
  outer loop
   vertex 0.000000 0.000000 -800.000000
   vertex 615.636258 -1691.446717 -3800.000000
   vertex 465.874281 -1738.666487 -3800.000000
  endloop
 endfacet
 facet normal -0.328231 0.792420 -0.514136
  outer loop
   vertex 0.000000 0.000000 -800.000000
   vertex 760.712871 -1631.354017 -3800.000000
   vertex 615.636258 -1691.446717 -3800.000000
  endloop
 endfacet
 facet normal -0.396046 0.760797 -0.514136
  outer loop
   vertex 0.000000 0.000000 -800.000000
   vertex 900.000000 -1558.845727 -3800.000000
   vertex 760.712871 -1631.354017 -3800.000000
  endloop
 endfacet
 facet normal -0.460847 0.723384 -0.514136
  outer loop
   vertex 0.000000 0.000000 -800.000000
   vertex 1032.437585 -1474.473680 -3800.000000
   vertex 900.000000 -1558.845727 -3800.000000
  endloop
 endfacet
 facet normal -0.522140 0.680466 -0.514136
  outer loop
   vertex 0.000000 0.000000 -800.000000
   vertex 1157.017697 -1378.879998 -3800.000000
   vertex 1032.437585 -1474.473680 -3800.000000
  endloop
 endfacet
 facet normal -0.579460 0.632369 -0.514136
  outer loop
   vertex 0.000000 0.000000 -800.000000
   vertex 1272.792206 -1272.792206 -3800.000000
   vertex 1157.017697 -1378.879998 -3800.000000
  endloop
 endfacet
 facet normal -0.632369 0.579460 -0.514136
  outer loop
   vertex 0.000000 0.000000 -800.000000
   vertex 1378.879998 -1157.017697 -3800.000000
   vertex 1272.792206 -1272.792206 -3800.000000
  endloop
 endfacet
 facet normal -0.680466 0.522140 -0.514136
  outer loop
   vertex 0.000000 0.000000 -800.000000
   vertex 1474.473680 -1032.437585 -3800.000000
   vertex 1378.879998 -1157.017697 -3800.000000
  endloop
 endfacet
 facet normal -0.723384 0.460847 -0.514136
  outer loop
   vertex 0.000000 0.000000 -800.000000
   vertex 1558.845727 -900.000000 -3800.000000
   vertex 1474.473680 -1032.437585 -3800.000000
  endloop
 endfacet
 facet normal -0.760797 0.396046 -0.514136
  outer loop
   vertex 0.000000 0.000000 -800.000000
   vertex 1631.354017 -760.712871 -3800.000000
   vertex 1558.845727 -900.000000 -3800.000000
  endloop
 endfacet
 facet normal -0.792420 0.328231 -0.514136
  outer loop
   vertex 0.000000 0.000000 -800.000000
   vertex 1691.446717 -615.636258 -3800.000000
   vertex 1631.354017 -760.712871 -3800.000000
  endloop
 endfacet
 facet normal -0.818012 0.257918 -0.514136
  outer loop
   vertex 0.000000 0.000000 -800.000000
   vertex 1738.666487 -465.874281 -3800.000000
   vertex 1691.446717 -615.636258 -3800.000000
  endloop
 endfacet
 facet normal -0.837378 0.185642 -0.514136
  outer loop
   vertex 0.000000 0.000000 -800.000000
   vertex 1772.653955 -312.566720 -3800.000000
   vertex 1738.666487 -465.874281 -3800.000000
  endloop
 endfacet
 facet normal -0.850371 0.111953 -0.514136
  outer loop
   vertex 0.000000 0.000000 -800.000000
   vertex 1793.150457 -156.880337 -3800.000000
   vertex 1772.653955 -312.566720 -3800.000000
  endloop
 endfacet
 facet normal -0.856893 0.037413 -0.514136
  outer loop
   vertex 0.000000 0.000000 -800.000000
   vertex 1800.000000 0.000000 -3800.000000
   vertex 1793.150457 -156.880337 -3800.000000
  endloop
 endfacet
endsolid F1
