solid SIC_RP1_STUB
 facet normal -0.896831 -0.058781 -0.438451
  outer loop
   vertex 0.000000 0.000000 -650.000000
   vertex 218.117870 28.715762 -1100.000000
   vertex 220.000000 0.000000 -1100.000000
  endloop
 endfacet
 facet normal -0.881486 -0.175338 -0.438451
  outer loop
   vertex 0.000000 0.000000 -650.000000
   vertex 212.503682 56.940190 -1100.000000
   vertex 218.117870 28.715762 -1100.000000
  endloop
 endfacet
 facet normal -0.851058 -0.288895 -0.438451
  outer loop
   vertex 0.000000 0.000000 -650.000000
   vertex 203.253497 84.190355 -1100.000000
   vertex 212.503682 56.940190 -1100.000000
  endloop
 endfacet
 facet normal -0.806069 -0.397509 -0.438451
  outer loop
   vertex 0.000000 0.000000 -650.000000
   vertex 190.525589 110.000000 -1100.000000
   vertex 203.253497 84.190355 -1100.000000
  endloop
 endfacet
 facet normal -0.747288 -0.499322 -0.438451
  outer loop
   vertex 0.000000 0.000000 -650.000000
   vertex 174.537735 133.927514 -1100.000000
   vertex 190.525589 110.000000 -1100.000000
  endloop
 endfacet
 facet normal -0.675720 -0.592591 -0.438451
  outer loop
   vertex 0.000000 0.000000 -650.000000
   vertex 155.563492 155.563492 -1100.000000
   vertex 174.537735 133.927514 -1100.000000
  endloop
 endfacet
 facet normal -0.592591 -0.675720 -0.438451
  outer loop
   vertex 0.000000 0.000000 -650.000000
   vertex 133.927514 174.537735 -1100.000000
   vertex 155.563492 155.563492 -1100.000000
  endloop
 endfacet
 facet normal -0.499322 -0.747288 -0.438451
  outer loop
   vertex 0.000000 0.000000 -650.000000
   vertex 110.000000 190.525589 -1100.000000
   vertex 133.927514 174.537735 -1100.000000
  endloop
 endfacet
 facet normal -0.397509 -0.806069 -0.438451
  outer loop
   vertex 0.000000 0.000000 -650.000000
   vertex 84.190355 203.253497 -1100.000000
   vertex 110.000000 190.525589 -1100.000000
  endloop
 endfacet
 facet normal -0.288895 -0.851058 -0.438451
  outer loop
   vertex 0.000000 0.000000 -650.000000
   vertex 56.940190 212.503682 -1100.000000
   vertex 84.190355 203.253497 -1100.000000
  endloop
 endfacet
 facet normal -0.175338 -0.881486 -0.438451
  outer loop
   vertex 0.000000 0.000000 -650.000000
   vertex 28.715762 218.117870 -1100.000000
   vertex 56.940190 212.503682 -1100.000000
  endloop
 endfacet
 facet normal -0.058781 -0.896831 -0.438451
  outer loop
   vertex 0.000000 0.000000 -650.000000
   vertex 0.000000 220.000000 -1100.000000
   vertex 28.715762 218.117870 -1100.000000
  endloop
 endfacet
 facet normal 0.058781 -0.896831 -0.438451
  outer loop
   vertex 0.000000 0.000000 -650.000000
   vertex -28.715762 218.117870 -1100.000000
   vertex 0.000000 220.000000 -1100.000000
  endloop
 endfacet
 facet normal 0.175338 -0.881486 -0.438451
  outer loop
   vertex 0.000000 0.000000 -650.000000
   vertex -56.940190 212.503682 -1100.000000
   vertex -28.715762 218.117870 -1100.000000
  endloop
 endfacet
 facet normal 0.288895 -0.851058 -0.438451
  outer loop
   vertex 0.000000 0.000000 -650.000000
   vertex -84.190355 203.253497 -1100.000000
   vertex -56.940190 212.503682 -1100.000000
  endloop
 endfacet
 facet normal 0.397509 -0.806069 -0.438451
  outer loop
   vertex 0.000000 0.000000 -650.000000
   vertex -110.000000 190.525589 -1100.000000
   vertex -84.190355 203.253497 -1100.000000
  endloop
 endfacet
 facet normal 0.499322 -0.747288 -0.438451
  outer loop
   vertex 0.000000 0.000000 -650.000000
   vertex -133.927514 174.537735 -1100.000000
   vertex -110.000000 190.525589 -1100.000000
  endloop
 endfacet
 facet normal 0.592591 -0.675720 -0.438451
  outer loop
   vertex 0.000000 0.000000 -650.000000
   vertex -155.563492 155.563492 -1100.000000
   vertex -133.927514 174.537735 -1100.000000
  endloop
 endfacet
 facet normal 0.675720 -0.592591 -0.438451
  outer loop
   vertex 0.000000 0.000000 -650.000000
   vertex -174.537735 133.927514 -1100.000000
   vertex -155.563492 155.563492 -1100.000000
  endloop
 endfacet
 facet normal 0.747288 -0.499322 -0.438451
  outer loop
   vertex 0.000000 0.000000 -650.000000
   vertex -190.525589 110.000000 -1100.000000
   vertex -174.537735 133.927514 -1100.000000
  endloop
 endfacet
 facet normal 0.806069 -0.397509 -0.438451
  outer loop
   vertex 0.000000 0.000000 -650.000000
   vertex -203.253497 84.190355 -1100.000000
   vertex -190.525589 110.000000 -1100.000000
  endloop
 endfacet
 facet normal 0.851058 -0.288895 -0.438451
  outer loop
   vertex 0.000000 0.000000 -650.000000
   vertex -212.503682 56.940190 -1100.000000
   vertex -203.253497 84.190355 -1100.000000
  endloop
 endfacet
 facet normal 0.881486 -0.175338 -0.438451
  outer loop
   vertex 0.000000 0.000000 -650.000000
   vertex -218.117870 28.715762 -1100.000000
   vertex -212.503682 56.940190 -1100.000000
  endloop
 endfacet
 facet normal 0.896831 -0.058781 -0.438451
  outer loop
   vertex 0.000000 0.000000 -650.000000
   vertex -220.000000 0.000000 -1100.000000
   vertex -218.117870 28.715762 -1100.000000
  endloop
 endfacet
 facet normal 0.896831 0.058781 -0.438451
  outer loop
   vertex 0.000000 0.000000 -650.000000
   vertex -218.117870 -28.715762 -1100.000000
   vertex -220.000000 0.000000 -1100.000000
  endloop
 endfacet
 facet normal 0.881486 0.175338 -0.438451
  outer loop
   vertex 0.000000 0.000000 -650.000000
   vertex -212.503682 -56.940190 -1100.000000
   vertex -218.117870 -28.715762 -1100.000000
  endloop
 endfacet
 facet normal 0.851058 0.288895 -0.438451
  outer loop
   vertex 0.000000 0.000000 -650.000000
   vertex -203.253497 -84.190355 -1100.000000
   vertex -212.503682 -56.940190 -1100.000000
  endloop
 endfacet
 facet normal 0.806069 0.397509 -0.438451
  outer loop
   vertex 0.000000 0.000000 -650.000000
   vertex -190.525589 -110.000000 -1100.000000
   vertex -203.253497 -84.190355 -1100.000000
  endloop
 endfacet
 facet normal 0.747288 0.499322 -0.438451
  outer loop
   vertex 0.000000 0.000000 -650.000000
   vertex -174.537735 -133.927514 -1100.000000
   vertex -190.525589 -110.000000 -1100.000000
  endloop
 endfacet
 facet normal 0.675720 0.592591 -0.438451
  outer loop
   vertex 0.000000 0.000000 -650.000000
   vertex -155.563492 -155.563492 -1100.000000
   vertex -174.537735 -133.927514 -1100.000000
  endloop
 endfacet
 facet normal 0.592591 0.675720 -0.438451
  outer loop
   vertex 0.000000 0.000000 -650.000000
   vertex -133.927514 -174.537735 -1100.000000
   vertex -155.563492 -155.563492 -1100.000000
  endloop
 endfacet
 facet normal 0.499322 0.747288 -0.438451
  outer loop
   vertex 0.000000 0.000000 -650.000000
   vertex -110.000000 -190.525589 -1100.000000
   vertex -133.927514 -174.537735 -1100.000000
  endloop
 endfacet
 facet normal 0.397509 0.806069 -0.438451
  outer loop
   vertex 0.000000 0.000000 -650.000000
   vertex -84.190355 -203.253497 -1100.000000
   vertex -110.000000 -190.525589 -1100.000000
  endloop
 endfacet
 facet normal 0.288895 0.851058 -0.438451
  outer loop
   vertex 0.000000 0.000000 -650.000000
   vertex -56.940190 -212.503682 -1100.000000
   vertex -84.190355 -203.253497 -1100.000000
  endloop
 endfacet
 facet normal 0.175338 0.881486 -0.438451
  outer loop
   vertex 0.000000 0.000000 -650.000000
   vertex -28.715762 -218.117870 -1100.000000
   vertex -56.940190 -212.503682 -1100.000000
  endloop
 endfacet
 facet normal 0.058781 0.896831 -0.438451
  outer loop
   vertex 0.000000 0.000000 -650.000000
   vertex -0.000000 -220.000000 -1100.000000
   vertex -28.715762 -218.117870 -1100.000000
  endloop
 endfacet
 facet normal -0.058781 0.896831 -0.438451
  outer loop
   vertex 0.000000 0.000000 -650.000000
   vertex 28.715762 -218.117870 -1100.000000
   vertex -0.000000 -220.000000 -1100.000000
  endloop
 endfacet
 facet normal -0.175338 0.881486 -0.438451
  outer loop
   vertex 0.000000 0.000000 -650.000000
   vertex 56.940190 -212.503682 -1100.000000
   vertex 28.715762 -218.117870 -1100.000000
  endloop
 endfacet
 facet normal -0.288895 0.851058 -0.438451
  outer loop
   vertex 0.000000 0.000000 -650.000000
   vertex 84.190355 -203.253497 -1100.000000
   vertex 56.940190 -212.503682 -1100.000000
  endloop
 endfacet
 facet normal -0.397509 0.806069 -0.438451
  outer loop
   vertex 0.000000 0.000000 -650.000000
   vertex 110.000000 -190.525589 -1100.000000
   vertex 84.190355 -203.253497 -1100.000000
  endloop
 endfacet
 facet normal -0.499322 0.747288 -0.438451
  outer loop
   vertex 0.000000 0.000000 -650.000000
   vertex 133.927514 -174.537735 -1100.000000
   vertex 110.000000 -190.525589 -1100.000000
  endloop
 endfacet
 facet normal -0.592591 0.675720 -0.438451
  outer loop
   vertex 0.000000 0.000000 -650.000000
   vertex 155.563492 -155.563492 -1100.000000
   vertex 133.927514 -174.537735 -1100.000000
  endloop
 endfacet
 facet normal -0.675720 0.592591 -0.438451
  outer loop
   vertex 0.000000 0.000000 -650.000000
   vertex 174.537735 -133.927514 -1100.000000
   vertex 155.563492 -155.563492 -1100.000000
  endloop
 endfacet
 facet normal -0.747288 0.499322 -0.438451
  outer loop
   vertex 0.000000 0.000000 -650.000000
   vertex 190.525589 -110.000000 -1100.000000
   vertex 174.537735 -133.927514 -1100.000000
  endloop
 endfacet
 facet normal -0.806069 0.397509 -0.438451
  outer loop
   vertex 0.000000 0.000000 -650.000000
   vertex 203.253497 -84.190355 -1100.000000
   vertex 190.525589 -110.000000 -1100.000000
  endloop
 endfacet
 facet normal -0.851058 0.288895 -0.438451
  outer loop
   vertex 0.000000 0.000000 -650.000000
   vertex 212.503682 -56.940190 -1100.000000
   vertex 203.253497 -84.190355 -1100.000000
  endloop
 endfacet
 facet normal -0.881486 0.175338 -0.438451
  outer loop
   vertex 0.000000 0.000000 -650.000000
   vertex 218.117870 -28.715762 -1100.000000
   vertex 212.503682 -56.940190 -1100.000000
  endloop
 endfacet
 facet normal -0.896831 0.058781 -0.438451
  outer loop
   vertex 0.000000 0.000000 -650.000000
   vertex 220.000000 0.000000 -1100.000000
   vertex 218.117870 -28.715762 -1100.000000
  endloop
 endfacet
endsolid SIC_RP1_STUB
